0.030879234662279487 0.013929765904322267
0.03522089612670243 0.016863645112607628
0.03112080995924771 0.014659011649200693
0.03170302323997021 0.015427738253492862
0.03156695468351245 0.015245526330545545
0.031304279109463096 0.01495002128649503
0.03388559096492827 0.01659850962460041
0.030748403863981366 0.013519777334295213
0.033123612171038985 0.016165703302249312
0.031637725653126836 0.015264687710441649
0.0311139898840338 0.014551243366440758
0.03151368256658316 0.015237698797136545
0.030836207326501608 0.013582843956100987
0.03140612808056176 0.015181177121121436
0.031769962050020695 0.015494615654461086
0.030948355793952942 0.014384325797436759
0.03433027514256537 0.016656465304549783
0.031684476882219315 0.015311964496504515
0.032555263955146074 0.015873086755163968
0.03250842820852995 0.015599293750710785
0.030314983101561666 0.012625461426068796
0.030863126972690225 0.013650546945427777
0.03076827572658658 0.013540164847654523
0.030829573282971978 0.013550866387959104
0.03090647840872407 0.013937686901044799
0.031103809596970677 0.014523309742799029
0.031666705617681146 0.015304677013773471
0.031232121866196394 0.01474533206783235
0.030922551872208714 0.014125599700491875
0.03127283346839249 0.014783762366278097
0.03098768787458539 0.014483478938927874
0.03292813501320779 0.01607505517313257
0.030367299215868115 0.012810835334676085
0.03507179766893387 0.016760415281169116
0.030718082562088966 0.013489313332684105
0.03160076984204352 0.015255317266564816
0.03294604178518057 0.016115427133627236
0.031189256347715855 0.014677495288196951
0.032553633442148566 0.01567307801451534
0.03298442275263369 0.016125979891512543
0.0329559447709471 0.016118028201162815
0.032459144946187735 0.01551808969816193
0.033092448487877846 0.016140441759489477
0.030980900628492236 0.014464475039858371
0.03135763038881123 0.015119302202947438
0.03289300971664488 0.016168838017620146
0.03098090924322605 0.014291670842794701
0.0310077634640038 0.014332876831758767
0.03150943899527192 0.015398985880892724
0.032496822997927666 0.015761819144245237
0.031092731514945626 0.01503662159666419
0.036463315365836024 0.0172275782097131
0.0340817014221102 0.016825057624373585
0.030566639034077525 0.013513879202946555
0.03147692792117596 0.015287854883354157
0.03160696499980986 0.015490352059714496
0.03094148077070713 0.01426241616718471
0.03242693026550114 0.015498057880904526
0.030899757519364357 0.014114371500909328
0.031078256433829665 0.014390637166798115
0.03079583402723074 0.013566841596912127
0.03609594632871449 0.016828553401865065
0.031470340909436345 0.015140095812967047
0.03147097700275481 0.015159102767938748
0.030305596766993403 0.012590325361088617
0.03399748750962317 0.016673035686835647
0.03089154907502234 0.013687665756151546
0.0338727505877614 0.016389162628911436
0.032644838094711304 0.015883340151049197
0.031038590474054217 0.01434763299766928
0.030938022071495652 0.014162086241412908
0.03093716991133988 0.014160491351503879
0.03395667835138738 0.016495474497787654
0.03085467661730945 0.013614314684673445
0.03158929315395653 0.015404017962282524
0.03302882891148329 0.016184287320356816
0.032555535435676575 0.015801464556716383
0.03398250066675246 0.016630980710033327
0.03241689479909837 0.01557181787211448
0.03157180920243263 0.015305390261346474
0.030373337445780635 0.012796518487448338
0.030993634136393666 0.014263295597629622
0.031022014562040567 0.01443614874733612
0.03280668659135699 0.016033190884627402
0.03314735647290945 0.016298891452606767
0.031294263200834394 0.014806541439611465
0.03092102101072669 0.013997542555443943
0.03527064574882388 0.016971340053714812
0.03280086489394307 0.015883092069998384
0.03428628924302757 0.016732035379391164
0.030637915013357997 0.0134006675616547
0.03267273772507906 0.015763315197546035
0.03291090531274676 0.01609761331928894
0.030276524601504207 0.012622783156984951
0.03289486444555223 0.01604956912342459
0.03156951116397977 0.015225639275740832
0.03117891843430698 0.01456400059396401
0.03150799684226513 0.015198349545244128
0.03417810774408281 0.016668961849063635
0.030969848157837987 0.014069041586481035
0.031186414184048772 0.014591574145015329
0.03312552906572819 0.016180913196876645
0.03394566313363612 0.01650275627616793
0.03149770060554147 0.014984030014602467
0.03149770060554147 0.014984030014602467
0.03111682436428964 0.014463461877312511
0.033029332058504224 0.01610498526133597
0.031124511500820518 0.014479816076345742
0.03170818276703358 0.015558687853626907
0.03295916644856334 0.016099021129775792
0.031240849988535047 0.014737413410330191
0.031240849988535047 0.014737413410330191
0.03091911575756967 0.013990550767630339
0.030908735934644938 0.013694527238840237
0.031133461743593216 0.014555724075762555
0.031462722923606634 0.014859485265333205
0.03649890166707337 0.017183374147862196
0.03652647393755615 0.017213827348314226
0.030688181519508362 0.013605806685518473
0.03251847601495683 0.015597179997712374
0.035393900936469436 0.017004379886202514
0.03157998528331518 0.015319973899750039
0.031199640594422817 0.014638137887232006
0.030992991058155894 0.014104659960139543
0.03395853657275438 0.01655514066806063
0.03254937077872455 0.015643190883565694
0.03251982433721423 0.01593761151889339
0.030549270566552877 0.012923108952236362
0.0311958659440279 0.01481214168597944
0.03127499856054783 0.014923623704817146
0.034110939130187035 0.016715635603759438
0.031475821044296026 0.015179705311311409
0.03063812176696956 0.013497466366970912
0.031659550964832306 0.015716759662609547
0.030805447604507208 0.014201094105374068
0.03391407080926001 0.01657797920051962
0.0330704755615443 0.016112087527289987
0.033114934572950006 0.016175958677195013
0.031485527055338025 0.0154009310354013
0.031485527055338025 0.0154009310354013
0.030942124547436833 0.014291400351794437
0.03645801683887839 0.017251934623345733
0.03026011143811047 0.012707104648143286
0.03114568954333663 0.0145729343930725
0.030288475332781672 0.012807920782506699
0.031039746245369315 0.014440469822147861
0.03080050484277308 0.01359789599882788
0.030263717053458095 0.012714961736492114
0.03390141436830163 0.016394866281189024
0.031004674499854445 0.014373130194144323
0.03089864761568606 0.014255320216761902
0.034037346951663494 0.016611566301435232
0.034037346951663494 0.016611566301435232
0.030320513527840376 0.012862947285611881
0.031060414155945182 0.014497314958134666
0.03532640798948705 0.01706624834332615
0.031183044658973813 0.014687071787193418
0.03126428904943168 0.014847305894363672
0.03527996619231999 0.016895130509510636
0.03160568163730204 0.015504967770539224
0.03095177304930985 0.014306014985777438
0.03587901429273188 0.01724650023970753
0.0331265009008348 0.01629246142692864
0.03105886629782617 0.014444926520809531
0.03145156893879175 0.014970694668591022
0.031147017143666744 0.014627462747739628
0.03294139890931547 0.01608850044431165
0.03147849743254483 0.015195654006674886
0.033955258782953024 0.016604696633294225
0.0342284869402647 0.016765083302743733
0.03406469547189772 0.016654874314554036
0.031115367775782943 0.014661738823633641
0.030898184282705188 0.013862927044101525
0.031596354907378554 0.015344001265475526
0.031517414143309 0.015228123957058415
0.035168868489563465 0.016901302500627935
0.03138069738633931 0.01511566000408493
0.032817425206303596 0.016102390276500955
0.030180064495652914 0.012990593200811418
0.03390794969163835 0.0166046021040529
0.03415224491618574 0.016728942398913205
0.031516619957983494 0.015219591034110636
0.03250235575251281 0.015674057067371905
0.03256620932370424 0.015696334186941385
0.03309878217987716 0.016273765417281538
0.030868969624862075 0.01365507887021522
0.03362361202016473 0.016294155619107187
0.030553044518455863 0.013538584949856158
0.030846528708934784 0.013624963801703416
0.030846528708934784 0.013624963801703416
0.03160447650589049 0.015357003110693768
0.031202049693092704 0.014729374728631228
0.031702647218480706 0.01562732650199905
0.031555903144180775 0.01527290788362734
0.030960738193243742 0.014002511044964194
0.03151609189808369 0.015117478818865493
0.031254453118890524 0.014757210446987301
0.03425142914056778 0.01689153560437262
0.03397238370962441 0.016622385708615184
0.03270185110159218 0.01575299515388906
0.034202293027192354 0.016737939440645278
0.03403113060630858 0.016644669347442687
0.03285901853814721 0.01611757616046816
0.032558954088017344 0.01569584826938808
0.030975071247667074 0.014199301600456238
0.03535581915639341 0.017079083598218858
0.03409893834032118 0.016688312985934317
0.031193133676424623 0.014710205257870257
0.036752765998244286 0.017269134637899697
0.03534130426123738 0.01693630137015134
0.031026312382891774 0.014373601967236027
0.03687657183036208 0.017491082719061524
0.032633538357913494 0.01569965499220416
0.032633538357913494 0.01569965499220416
0.031016056891530752 0.014246349775930867
0.033010288374498487 0.01625513326143846
0.03164712339639664 0.015435779438121244
0.030872673727571964 0.01382301875128178
0.030927205458283424 0.013926161842391593
0.03100155177526176 0.014214041526429355
0.03152070217765868 0.015238708321703598
0.030767557211220264 0.013585482847702224
0.03423004481010139 0.01674963958794251
0.0328206941485405 0.016033391817472875
0.03618579660542309 0.017118730174843222
0.031152751995250583 0.014728329930221662
0.031354025239124894 0.015103863668628037
0.031619827495887876 0.015308652335079387
0.03744113980792463 0.01767085969913751
0.03365479991771281 0.01642320048995316
0.03070131386630237 0.01355444070941303
0.032937101321294904 0.016204134735744447
0.030757390428334475 0.013818171806633472
0.03503320901654661 0.016867957077920437
0.031341117806732655 0.01488054869696498
0.0353419347666204 0.01688842906150967
0.031490999506786466 0.015184508840320632
0.030691238585859537 0.012937194649566663
0.030665846541523933 0.012735432013869286
0.0327764474786818 0.015874150587478653
0.030292320996522903 0.012675174344622064
0.03404789208434522 0.016520895529538393
0.03157128347083926 0.015250629367073998
0.031079468317329884 0.014468375477008522
0.03169355494901538 0.015537092229351401
0.030947490828111768 0.014167768647894263
0.03176820825319737 0.01573462414671667
0.031009613536298275 0.014260337979067117
0.033988189650699496 0.0165205467492342
0.033984848065301776 0.016515389317646623
0.03292379737831652 0.01604652334935963
0.03094746032729745 0.013857592897693394
0.03393133101053536 0.0165128861553967
0.031670956406742334 0.015310715476516634
0.03299044421873987 0.01630786928581074
0.03167856577783823 0.015323997708037496
0.03405691613443196 0.01665661227889359
0.03102858387865126 0.014393774908967316
0.0350046216044575 0.016763834632001817
0.03154947701841593 0.015215418417938054
0.03532707737758756 0.017001169733703136
0.03511313674971461 0.016832343477290124
0.031013090163469315 0.014236633345717564
0.031013090163469315 0.014236633345717564
0.03288879687897861 0.015910718590021133
0.03309140773490071 0.016289293649606407
0.035371442791074514 0.01703365915454924
0.031227080849930644 0.014624063449446112
0.03095158259384334 0.01419516367604956
0.030223749112337828 0.011743064442271134
0.03552535339258611 0.017153189750388265
0.0324032346252352 0.015606893546646461
0.03155148518271744 0.01527138688834384
0.03142648236826062 0.015189315308816731
0.03093864256516099 0.013657085473823827
0.034158501541242 0.016625071060843766
0.033925020368769765 0.016535747097805142
0.03094151383265853 0.014145439927233383
0.031351607758551836 0.01503104978473857
0.03122962173074484 0.0147218149213586
0.031647520838305354 0.01557902101194486
0.03268029703758657 0.015858814411330968
0.03061080351471901 0.012904140996397473
0.033025199081748724 0.01610526500735432
0.031041548121720552 0.014605821197619662
0.034056324511766434 0.016542687313631177
0.03499878593720496 0.01663033221848309
0.033015787368640304 0.016104014008305967
0.031798480777069926 0.015597523801261559
0.036427469458431005 0.017205342766828835
0.030334149952977896 0.012694540087977657
0.03097577579319477 0.014204653911292553
0.033906732220202684 0.016458420897834003
0.03158482885919511 0.015309622744098306
0.03096680180169642 0.014196692500263453
0.031300835544243455 0.014746510336408392
0.03303771070204675 0.016120072512421757
0.030664370395243168 0.013626409869175404
0.031018611509352922 0.01430057524703443
0.03503076150082052 0.016827618703246117
0.034061377635225654 0.016579906805418432
0.03390031331218779 0.016354310093447566
0.03296185424551368 0.016074866231065243
0.03141357097774744 0.015059427300002426
0.030936631839722395 0.013632705889904173
0.032557392725721 0.015631849120836705
0.032894182950258255 0.01613124064169824
0.03075075731612742 0.013725202683417592
0.031597467605024576 0.015387491293950006
0.030880976701155305 0.014310780796222389
0.03251731093041599 0.015805846021976322
0.03124616085551679 0.01484293446992524
0.03523134649731219 0.016885085380636156
0.03391990647651255 0.016432083561085165
0.031225296901538968 0.014798255055211484
0.03109409543685615 0.014784651051741093
0.03260719613172114 0.015842130174860358
0.03143945545889437 0.015337069926317781
0.03661545808427036 0.017329601803794503
0.0324770356528461 0.015729061269667
0.03400207310914993 0.016861527343280613
0.030308623565360904 0.012948134266480338
0.03026952361688018 0.012200403878523502
0.031734945019707084 0.015450294507900253
0.030277442885562778 0.012678320963459555
0.03247302724048495 0.015537632687482983
0.03107386431656778 0.01443332267808728
0.033930581295862794 0.01661130611319095
0.031042736489325762 0.014413882890949026
0.031042736489325762 0.014413882890949026
0.03574108798056841 0.016977371997199953
0.03574108798056841 0.016977371997199953
0.030669549945741892 0.013566143374191597
0.030825831228867173 0.013793581969366642
0.030825831228867173 0.013793581969366642
0.03027510456740856 0.012576602184708463
0.033031503204256296 0.01628833683207631
0.03097045747563243 0.014403287641471252
0.03525400231592357 0.01689347648061812
0.03045098832808435 0.013043006885709474
0.033240573946386576 0.016348123201169074
0.03160224435850978 0.015403270517708734
0.0362833677791059 0.017130644293501973
0.0342245283536613 0.016654754581395537
0.03073125286027789 0.013461926813761238
0.030143009731546044 0.012617857064469717
0.030282360268756747 0.012721680013783043
0.031491497065871954 0.01506729464745149
0.031013933941721916 0.014350629469845444
0.03298184974119067 0.016197276709135622
0.03099057311192155 0.01416835153941065
0.03651092783547938 0.01735206227749586
0.031573453452438116 0.015196422697044909
0.03393914713524282 0.016386106610298157
0.030272393487393856 0.012699913047981681
0.03518596128560603 0.016738897538743913
0.032295646611601114 0.01550294371554628
0.032940625911578536 0.016079166322015226
0.03125652042217553 0.014794740389334038
0.031601130962371826 0.015219205321045592
0.031645445385947824 0.015467061690287665
0.03401242662221193 0.01664000120945275
0.032621128018945456 0.015665204264223576
0.03290295833721757 0.015998562681488693
0.031182702630758286 0.014593037369195372
0.030358477961272 0.01275835269552772
0.03151054144836962 0.015122633252758533
0.030639762058854103 0.013412439588137204
0.030962360557168722 0.01406375560327433
0.030893952818587422 0.01348550686816452
0.03532617841847241 0.01689578895457089
0.03119370248168707 0.014722489548148587
0.031530179316177964 0.015126252255868167
0.03254364198073745 0.015643289138097316
0.03157168882898986 0.015159304370172322
0.03090911521576345 0.013943638768978417
0.03537869895808399 0.01692056516185403
0.030999928014352918 0.014210798253770918
0.033792061964049935 0.016367977601476014
0.035229627741500735 0.01675813744077459
0.03148633451201022 0.014937486383132637
0.03370598703622818 0.016359883709810674
0.0339560906868428 0.016617497662082314
0.035157246980816126 0.016709617048036307
0.03148700762540102 0.015000528685050085
0.030342635232955217 0.012739005494950106
0.03112929780036211 0.014497322728857398
0.03251040983013809 0.01557699270779267
0.03251040983013809 0.01557699270779267
0.031126558547839522 0.014446917164605111
0.03528233338147402 0.01686848874669522
0.03528233338147402 0.01686848874669522
0.0328134021256119 0.015865687164478004
0.030305403051897883 0.012928965737955878
0.030874097254127264 0.0140856655780226
0.030183404684066772 0.011552112551726168
0.03021125914528966 0.011649347990896786
0.03403054364025593 0.016625182412099093
0.030984346754848957 0.01423354324651882
0.03021331480704248 0.011762455567804864
0.03543714969418943 0.016997495549730957
0.03254732582718134 0.01591170596657321
0.03231763024814427 0.01569170056609437
0.03383107157424092 0.01661994180176407
0.03086354141123593 0.013866478588170139
0.03365673660300672 0.016400233027525246
0.035105148795992136 0.01684996421681717
0.030621031764894724 0.01323190625407733
0.03293339000083506 0.016185922431759536
0.0308460199739784 0.013539921965275425
0.031575225526466966 0.01522093775565736
0.03025246411561966 0.012612056401849259
0.03415228193625808 0.016735621611587703
0.03064906131476164 0.013238364896096755
0.031139085767790675 0.014492633461486548
0.031173963099718094 0.014505935920169577
0.03085382003337145 0.013578811871411745
0.03085382003337145 0.013578811871411745
0.030678217764943838 0.013426663121208549
0.030990222934633493 0.01429125847062096
0.03160025738179684 0.015271311160176992
0.031241969438269734 0.014707653579534963
0.031128145288676023 0.014481749094557017
0.031635358929634094 0.015529493801295757
0.03115001367405057 0.014501974364975467
0.03290547803044319 0.016064731287769973
0.03118349052965641 0.01460490413592197
0.0302564708981663 0.012654203037527623
0.031027602963149548 0.014414974459214136
0.031021691393107176 0.014370660646818578
0.03144799615256488 0.015202508948277682
0.0313660753890872 0.01511548348935321
0.030268556205555797 0.012905871415568981
0.0309405995067209 0.014157178957248107
0.03111141873523593 0.014415086334338412
0.03073838702403009 0.013524138492357451
0.03420687303878367 0.01666688732802868
0.03124763467349112 0.014712478208821267
0.030945777893066406 0.014366115938173607
0.030302044469863176 0.012790459742973326
0.030394128989428282 0.013004950626054779
0.030299778562039137 0.0127825364106684
0.03140984452329576 0.015072715585120022
0.031556329457089305 0.015252868935931474
0.030185727635398507 0.012728790603432572
0.03252392937429249 0.015939489472657442
0.03429275471717119 0.016696070844773203
0.03406820329837501 0.01649000123143196
0.03117958060465753 0.014625044830609113
0.03413162869401276 0.016504314728081226
0.03087380575016141 0.014210004155756906
0.03403918049298227 0.016411037649959326
0.031070751370862126 0.014514886133838445
0.031070751370862126 0.014514886133838445
0.03431225847452879 0.016716799174901098
0.031312230275943875 0.014724266366101801
0.030830385629087687 0.013872826297301799
0.0329613087233156 0.016043101204559207
0.03249151143245399 0.015519794018473476
0.03151707537472248 0.015116679947823286
0.034097332740202546 0.016493487986736
0.03162796818651259 0.015469228354049847
0.03250300255604088 0.015671517641749233
0.030934086767956614 0.014290012302808464
0.031169862020760775 0.014619494235375896
0.031164458254352212 0.014549925806932151
0.03159890975803137 0.01531371456803754
0.03301585162989795 0.01630331971682608
0.030587990302592516 0.013612223730888218
0.03247440420091152 0.015475518652237952
0.035256181145086884 0.01676225324627012
0.031549206003546715 0.015185880591161549
0.03118480695411563 0.014706447953358293
0.030691134044900537 0.013631668291054666
0.030936650931835175 0.014652057958301157
0.030842859530821443 0.013575218818004942
0.03088565613143146 0.013650344168127049
0.03401483129709959 0.01658292766660452
0.035164176020771265 0.016849632957018912
0.030311832204461098 0.012911947087559383
0.03258850215934217 0.015706936770584434
0.0314862912055105 0.01523857458960265
0.030245216563344002 0.012828454273403622
0.036021384643390775 0.017064719111658633
0.03235191386193037 0.01561269600642845
0.0339322870131582 0.016542977653443813
0.03266478143632412 0.01584857638226822
0.03288078657351434 0.016008618695195764
0.03428646386601031 0.016689009149558842
0.03157888003624976 0.01537504029693082
0.03135540895164013 0.015184863354079425
0.03411936736665666 0.01663430198095739
0.0325560683850199 0.015641116769984365
0.03117223782464862 0.014805336482822895
0.03289889101870358 0.01606737734982744
0.0357719287276268 0.016923808376304805
0.030796590726822615 0.013516462386178318
0.03071891563013196 0.01330523857177468
0.033044951502233744 0.01625603309366852
0.030570054426789284 0.0130045817932114
0.03408439760096371 0.01660488691413775
0.03086325596086681 0.01359560746277566
0.03090107045136392 0.014396242564544082
0.03415407007560134 0.016658531210850924
0.03415407007560134 0.016658531210850924
0.033000438241288066 0.016125916095916182
0.035362049704417586 0.016858016548212618
0.03267125855199993 0.01588859735056758
0.03261245065368712 0.01583400904200971
0.03080083872191608 0.013539967814722331
0.03297197516076267 0.01611332327593118
0.030738324392586946 0.013429839415039169
0.0302432500757277 0.012479720175178954
0.031187144573777914 0.014765864034416154
0.03287943475879729 0.015902638668194413
0.03259993973188102 0.015710409497842193
0.03382682451047003 0.01652072451543063
0.03421001276001334 0.016774727904703468
0.0331618373747915 0.016249933862127364
0.030925344908609986 0.013735264597926289
0.035107845440506935 0.016933175560552627
0.03156194323673844 0.015275567304342985
0.031061790185049176 0.014411714568268508
0.03803847962990403 0.017604877706617117
0.03072011540643871 0.01360653495794395
0.03606114210560918 0.01721814228221774
0.0314486906863749 0.015171630424447358
0.031071622157469392 0.01452077692374587
0.03768921457231045 0.01749733998440206
0.03246190072968602 0.015607272391207516
0.030409939819946885 0.01260505179016036
0.03628173843026161 0.017246962059289217
0.030992227606475353 0.0142386058869306
0.031600475776940584 0.015277738333679736
0.03164086816832423 0.015431768726557493
0.030735052656382322 0.013645481623825617
0.03242405969649553 0.015539994521532208
0.03402074100449681 0.016591740655712783
0.03094731201417744 0.014191900030709803
0.03394914255477488 0.016546351602301
0.03160368208773434 0.015302130370400846
0.0314421767834574 0.015083109814440832
0.031175375450402498 0.014523555350024253
0.03176261414773762 0.015506967611145228
0.03093298734165728 0.013982860633404925
0.031481504905968904 0.015249569289153442
0.031007847283035517 0.01432589752948843
0.03396955830976367 0.016580907278694212
0.031183547340333462 0.014567548962077126
0.03408164926804602 0.01672961754957214
0.030688413185998797 0.013307047745911404
0.0311772043351084 0.014558126451447606
0.03164655598811805 0.015482293529203162
0.03287236928008497 0.015878507285378873
0.03253783122636378 0.015615582116879523
0.03293684730306268 0.016216842457652092
0.03287664637900889 0.01588790991809219
0.033938036067411304 0.016534670256078243
0.03244625520892441 0.015645543637219816
0.03280707122758031 0.015837779239518568
0.03322323434986174 0.016390284872613847
0.030619706260040402 0.013297757253894815
0.03247744031250477 0.0156860388815403
0.031657740008085966 0.015550582349533215
0.032360615441575646 0.015621907892636955
0.033013105392456055 0.015963539597578347
0.030251300428062677 0.012826424073864473
0.033780386205762625 0.0165213355794549
0.033944095484912395 0.01662896468769759
0.03396548586897552 0.016789479414001107
0.03077228576876223 0.013702895259484649
0.03077228576876223 0.013702895259484649
0.03144812909886241 0.015104027115739882
0.03141000890173018 0.015065369312651455
0.03125525824725628 0.01487364509375766
0.03391391830518842 0.016525588929653168
0.032962314784526825 0.015853846271056682
0.03318245825357735 0.016256625996902585
0.03306825342588127 0.0161412040470168
0.030734083615243435 0.013358020776649937
0.030949016101658344 0.014240676740882918
0.031115254387259483 0.014828450453933328
0.033022995106875896 0.01608644670341164
0.033022995106875896 0.01608644670341164
0.032587744295597076 0.015794538892805576
0.030903892125934362 0.013973379915114492
0.03022683854214847 0.012041832924296614
0.0311021339148283 0.014635028084740043
0.03546915017068386 0.017013622680678964
0.030759474262595177 0.013520538490411127
0.03149606520310044 0.015481699228985235
0.035255222115665674 0.016989486990496516
0.031020657857879996 0.014377202227478847
0.030973120592534542 0.01431176788173616
0.03106480184942484 0.014495223731501028
0.03319326159544289 0.016298797097988427
0.031722752610221505 0.015626421489287168
0.033742144936695695 0.01637294446118176
0.030634558526799083 0.013733443251112476
0.035425228299573064 0.017037042183801532
0.03650913946330547 0.017132223525550216
0.032912712544202805 0.016113400808535516
0.03116860380396247 0.014759970013983548
0.03090735524892807 0.014440143073443323
0.032906338572502136 0.01610971346963197
0.0305503667332232 0.013078976015094668
0.03145904466509819 0.015214149054372683
0.03497550659812987 0.01680909242713824
0.0313801234588027 0.015051695168949664
0.03149594250135124 0.01525702784419991
0.03254242823459208 0.015683948528021574
0.03161738603375852 0.015399441588670015
0.032617399003356695 0.0157011219416745
0.03111895197071135 0.014512958587147295
0.03053524810820818 0.01293595161405392
0.03114078496582806 0.014594615902751684
0.03406010544858873 0.016630269587039948
0.031161293853074312 0.01461863043368794
0.033914056373760104 0.01641651149839163
0.0328571037389338 0.015969871310517192
0.03639852651394904 0.017126606951933354
0.030346348183229566 0.012765669031068683
0.03155763330869377 0.015276005549822003
0.03305413108319044 0.016185007756575942
0.03088069474324584 0.014172977884300053
0.030284412670880556 0.012754111841786653
0.03152219019830227 0.01527353934943676
0.03411036590114236 0.016786077176220715
0.032914123963564634 0.01613223581807688
0.03400362771935761 0.016475983429700136
0.03161729569546878 0.015352191927377135
0.032991585321724415 0.01615551288705319
0.030617411946877837 0.013488690427038819
0.030272731790319085 0.012011339884338668
0.03128832462243736 0.014760274963919073
0.035818087635561824 0.017136065871454775
0.031342264730483294 0.014789375505642965
0.03106388822197914 0.01464394698268734
0.031049917452037334 0.014475518371909857
0.03029072331264615 0.012766536736307899
0.031011143466457725 0.01435516815399751
0.031221140874549747 0.014656354731414467
0.030756869819015265 0.013766115396720124
0.03501353249885142 0.016895709850359708
0.03646167181432247 0.017151264590211213
0.03271691990084946 0.015743720694445074
0.031582510098814964 0.015360591292846948
0.03087284555658698 0.013872472161892802
0.03411663766019046 0.016833806526847184
0.030814462807029486 0.01378080650465563
0.030323337530717254 0.012773911155818496
0.03096304857172072 0.014308430458186194
0.034071819856762886 0.016732676536776125
0.03253087610937655 0.015577210753690451
0.03253185423091054 0.01562916353577748
0.031288022408261895 0.014706070709507912
0.03306236118078232 0.016165750625077635
0.03289054520428181 0.016108651645481586
0.03283827472478151 0.01607704209163785
0.033848179737105966 0.01621779939159751
0.03090461133979261 0.014144652550385217
0.03245376329869032 0.015521435649134219
0.03405108116567135 0.0166196784703061
0.03402537573128939 0.0165996776195243
0.030255740508437157 0.012373476434731856
0.03038043505512178 0.012892000053398078
0.030930159147828817 0.01426032543531619
0.03252468793652952 0.015561517735477537
0.03247610689140856 0.0155469702440314
0.03514014254324138 0.016911954327952117
0.03099061083048582 0.01435396756278351
0.03090294310823083 0.014138619764707983
0.03255198313854635 0.015668176638428122
0.03524689981713891 0.01706013851799071
0.031639909371733665 0.015403310273541138
0.031520161777734756 0.015284478518879041
0.031029435573145747 0.014423460175748914
0.03073483589105308 0.013540865074901376
0.03295163600705564 0.016128238174133003
0.030278522754088044 0.012699088478257181
0.03143837652169168 0.015130073297768831
0.030894148163497448 0.01410206445143558
0.03388394578360021 0.016556369955651462
0.03071353049017489 0.013367348517931532
0.03405498480424285 0.016661815927363932
0.03146540489979088 0.01517241494730115
0.0338642003480345 0.016484434832818806
0.03075603349134326 0.013724285614443943
0.031204140279442072 0.014721197192557156
0.030922657810151577 0.01420057867653668
0.03067652299068868 0.013657456496730447
0.03156143147498369 0.015297551493858919
0.030314848525449634 0.012993679625651566
0.031058088410645723 0.01446512943948619
0.031668366165831685 0.015448749181814492
0.031252151587978005 0.014907227392541245
0.03024237439967692 0.012953360637766309
0.03257474675774574 0.015843627974390984
0.03138435399159789 0.014938242675270885
0.03083543642424047 0.014078776439419016
0.03252267185598612 0.015618219156749547
0.030989666702225804 0.014269341307226568
0.0339495874941349 0.016492796246893704
0.03404061263427138 0.01664740761043504
0.030656053917482495 0.013432722098514205
0.032572582829743624 0.015632070309948176
0.03395444038324058 0.016530371271073818
0.031652318546548486 0.01535459840670228
0.03104493231512606 0.014404834160814062
0.03308669361285865 0.01637831499101594
0.03410869394429028 0.0168623689096421
0.03024228848516941 0.012748473167448537
0.03094389894977212 0.01426650516805239
0.031215323600918055 0.014766366221010685
0.03148615011014044 0.015179091278696433
0.030353408539667726 0.013030695943598403
0.030994829488918185 0.014282083022408187
0.03398762154392898 0.016596254194155335
0.03091948968358338 0.01411525983712636
0.03116871090605855 0.014638530963566154
0.031668971525505185 0.015596471901517361
0.031041373033076525 0.014300837938208133
0.030755232786759734 0.0136903969978448
0.03111773682758212 0.014608544181101024
0.03077190020121634 0.014028230682015419
0.031097352504730225 0.014498049713438377
0.03300118679180741 0.016132607881445438
0.03305291337892413 0.016221073106862605
0.030657325871288776 0.013197133113862947
0.03170654899440706 0.015718409966211766
0.030854762764647603 0.013606244825496105
0.030284306732937694 0.012778837819496403
0.030906615778803825 0.014051145204575732
0.03255937993526459 0.01608346082502976
0.03134185681119561 0.015263208886608481
0.03098036954179406 0.014324542076792568
0.03291366039775312 0.016178196703549474
0.03402717667631805 0.016851908760145307
0.03394488035701215 0.01632561974111013
0.03123209811747074 0.014806608844082803
0.03123209811747074 0.014806608844082803
0.03081747586838901 0.013493393074895721
0.03424697439186275 0.01689024019287899
0.031008323654532433 0.014405162626644596
0.03089288412593305 0.013699936447665095
0.03402653383091092 0.01658587605925277
0.031310190446674824 0.014818958326941356
0.03341906541027129 0.016222222184296697
0.03108014492318034 0.014679807354696095
0.030680309981107712 0.013301630919158924
0.030710515333339572 0.01336090642871568
0.030713318148627877 0.013370383017900167
0.03156097745522857 0.015314984921133146
0.03648192621767521 0.017099081887863576
0.030736791901290417 0.013484125563991256
0.031164829852059484 0.014776344905840233
0.030274820746853948 0.012763911898218794
0.03772070957347751 0.017115824040956795
0.03397532901726663 0.016538908006623387
0.031622187001630664 0.015540771506493911
0.03093888657167554 0.01418361600372009
0.030303389998152852 0.012819383806345286
0.03250622074119747 0.015718564740382135
0.031033403472974896 0.014459688012721017
0.035330249927937984 0.01678917638491839
0.03277416178025305 0.01574423280544579
0.03143139602616429 0.015315348340664059
0.034065752755850554 0.01657728845020756
0.03166188905015588 0.015321353770559654
0.032368687679991126 0.015561538864858449
0.03405411075800657 0.016571958432905376
0.030245432164520025 0.012640312852454372
0.032872479408979416 0.016106063034385443
0.03298697364516556 0.0161933870986104
0.03090665489435196 0.01401418962632306
0.031067890813574195 0.014762263919692487
0.031067890813574195 0.014762263919692487
0.031403567641973495 0.014931420853827149
0.03253673552535474 0.015641769743524492
0.030891887145116925 0.013754306750342948
0.030456569977104664 0.012815859005058883
0.0353638909291476 0.016842654207721353
0.030939851189032197 0.014201579557266086
0.03255219757556915 0.015697010734584183
0.030922672478482127 0.014135867822915316
0.03285633050836623 0.01603449636604637
0.03404202382080257 0.01656551205087453
0.03410563967190683 0.016583275399170816
0.03170143556781113 0.015417221322422847
0.03030365495942533 0.012661846169066848
0.035422369837760925 0.01698947267141193
0.03367896284908056 0.016485251020640135
0.03085054736584425 0.013716964043851476
0.0349687768612057 0.016699785366654396
0.03301612217910588 0.01632773270830512
0.030702738324180245 0.013414283683232497
0.030992020154371858 0.014341949892695993
0.03123639617115259 0.014866552111925557
0.03504975512623787 0.016777079610619694
0.03253235458396375 0.01562064653262496
0.03253235458396375 0.01562064653262496
0.03051926614716649 0.012896849686512724
0.03296445612795651 0.01610858424101025
0.032527583418414 0.015574425575323403
0.03652445622719824 0.017321918276138604
0.03587999218143523 0.017502118018455803
0.03121355129405856 0.014724649605341256
0.03152752947062254 0.015125592035474256
0.031003139447420835 0.014518687588861212
0.031248818384483457 0.014825577643932775
0.030811375007033348 0.013563976288423873
0.033942323410883546 0.016456929151900113
0.03169132745824754 0.015420387324411422
0.03162239957600832 0.01532809404307045
0.033198026241734624 0.016165133274625987
0.03161987219937146 0.01530674344394356
0.03404426155611873 0.01657419797265902
0.03086379379965365 0.014199771860148758
0.03313400549814105 0.016127762675751
0.0314780599437654 0.015010881761554629
0.030966403195634484 0.01447740659932606
0.03547192714177072 0.01682873594108969
0.03298743208870292 0.016092707635834813
0.034970974549651146 0.01675954763777554
0.03402009326964617 0.01656412542797625
0.03251747437752783 0.015663854603189975
0.03163782227784395 0.015356278832769021
0.030274870805442333 0.01231199894027668
0.03511541266925633 0.01679729961324483
0.031027388758957386 0.014536563365254551
0.031115297926589847 0.014669657160993665
0.0308996569365263 0.014375835948158056
0.03154466790147126 0.015288493072148412
0.032490599900484085 0.01562703464878723
0.03243886702693999 0.015618292731232941
0.0306595244910568 0.013504099537385628
0.030281724175438285 0.012861606643127743
0.030281705548986793 0.012861570045060944
0.03282374725677073 0.015910838556010276
0.03262152033858001 0.015791220066603273
0.03153258725069463 0.015246096649207175
0.032531256787478924 0.015724002267234027
0.031205154489725828 0.014723348576808348
0.031097502447664738 0.014609738776925951
0.031658925116062164 0.015409942861879244
0.031510381028056145 0.01507420267444104
0.03410965227521956 0.016635223058983684
0.03410965227521956 0.016635223058983684
0.031092581106349826 0.014641103916801512
0.030929881846532226 0.01414194138487801
0.03084742557257414 0.013825194502715021
0.03242136165499687 0.015409397368784994
0.03244108031503856 0.015424877870827913
0.032797968946397305 0.01597032032441348
0.031225253827869892 0.01488219213206321
0.030265400419011712 0.012781901426933473
0.03072154917754233 0.013488058222719701
0.034059766912832856 0.016803943493869156
0.036235498962923884 0.01712939125718549
0.031591184670105577 0.015260566404322162
0.0328919927123934 0.016169129114132375
0.030929564032703638 0.014114285935647786
0.03083626157604158 0.013570819672168
0.03157922741957009 0.015140246250666678
0.03169736755080521 0.015325360058341175
0.033706011483445764 0.01650952477939427
0.035324051044881344 0.016865992220118642
0.03303415537811816 0.016225359693635255
0.035344922449439764 0.016989520052447915
0.035344922449439764 0.016989520052447915
0.03391603077761829 0.01677080284571275
0.03391603077761829 0.01677080284571275
0.03026100993156433 0.012504254165833117
0.035188460955396295 0.016826792736537755
0.031194146256893873 0.014696180471219122
0.03159098932519555 0.015185178373940289
0.03027748200111091 0.012781928682670696
0.030315506737679243 0.012996396417292999
0.0324535402469337 0.01543961901916191
0.030980269191786647 0.014319643756607547
0.03532863035798073 0.01697917643468827
0.03648681193590164 0.017430961248464882
0.031535684829577804 0.015138550952542573
0.032463905634358525 0.015661057666875422
0.03102265507914126 0.014515845105051994
0.03150920569896698 0.014823453791905195
0.030958299292251468 0.014301502087619156
0.03113777982071042 0.014654919679742306
0.0305232813116163 0.013304602860443993
0.03161472477950156 0.015415740315802395
0.03011155524291098 0.012798632320482284
0.035760793602094054 0.017044483800418675
0.034416059497743845 0.01685622299555689
0.031509970081970096 0.015170971950283274
0.03174420539289713 0.015491878875764087
0.03115356876514852 0.014786549261771142
0.03064900217577815 0.0136596022057347
0.03158579766750336 0.015328902431065217
0.03288676287047565 0.016044206451624632
0.0325648901052773 0.015636200143489987
0.032484351890161633 0.015560909581836313
0.03038361412473023 0.012857998757681344
0.03144169575534761 0.014789337699767202
0.030857348814606667 0.014076172781642526
0.03384333639405668 0.01618878258159384
0.03252668026834726 0.015619985410012305
0.030309063149616122 0.012857397225161549
0.031145190121605992 0.014699279796332121
0.031145190121605992 0.014699279796332121
0.03260050108656287 0.01575744670117274
0.03096321993507445 0.014332316815853119
0.03154755593277514 0.015237519197398797
0.03235390642657876 0.015552679018583149
0.034118840005248785 0.01658847846556455
0.030907520093023777 0.014161549945129082
0.033957598730921745 0.01649001718033105
0.03407304687425494 0.016551119624637067
0.03314196295104921 0.01613907830324024
0.030761106638237834 0.013717055204324424
0.030606237705796957 0.013597418379504234
0.03091762657277286 0.014300560345873237
0.031120343832299113 0.014537923387251794
0.03409947082400322 0.016530997003428638
0.032784317154437304 0.015936843177769333
0.03063681535422802 0.013353843009099364
0.03454290353693068 0.01662195799872279
0.0318284195382148 0.015493850165512413
0.030814203899353743 0.013725675773457624
0.031544573372229934 0.015170971862971783
0.030966940335929394 0.014218965690815821
0.031173377064988017 0.014591343788197264
0.03160584205761552 0.015273293014615774
0.03100769012235105 0.014357855077832937
0.031554555520415306 0.015180494025116786
0.03398575051687658 0.016483708284795284
0.03106434759683907 0.014435253164265305
0.03095305827446282 0.014194984687492251
0.031026973854750395 0.014368142670718953
0.030936037190258503 0.013968573533929884
0.032534109661355615 0.015537652012426406
0.03115532291121781 0.014536683418555185
0.031087352894246578 0.014504941995255649
0.03090283158235252 0.013827322633005679
0.03147700917907059 0.01488379156216979
0.030309462221339345 0.012769950706569944
0.032551520271226764 0.01554161636158824
0.03540772991254926 0.01710959104821086
0.03150115557946265 0.015135462279431522
0.030272119445726275 0.012749321420415072
0.03118712385185063 0.014870016137138009
0.030205792048946023 0.012744028095767135
0.03051417786628008 0.012891325939563103
0.031598837580531836 0.015185853961156681
0.03163758572191 0.015382546465843916
0.03402600600384176 0.016509038279764354
0.032816621009260416 0.016096276231110096
0.03392057819291949 0.016438428894616663
0.032681678887456656 0.015670373308239505
0.034425577614456415 0.01653294265270233
0.03497563349083066 0.01670258928788826
0.03540059318765998 0.01696347666438669
0.03534921514801681 0.016903543728403747
0.03503985214047134 0.01685312029439956
0.03252366604283452 0.015507684729527682
0.030662362929433584 0.013521800749003887
0.03148497873917222 0.015123789984500036
0.0329090841114521 0.016150744864717126
0.032576930010691285 0.01556092919781804
0.03257867484353483 0.015634879644494504
0.030650191474705935 0.013784086098894477
0.031422968255355954 0.015083640289958566
0.030251154908910394 0.012546613470476586
0.031191372545436025 0.014702745364047587
0.031154297525063157 0.014573362888768315
0.031154297525063157 0.014573362888768315
0.03533696383237839 0.01712996675632894
0.030438685091212392 0.01314151495535043
0.03413805994205177 0.016570300969760865
0.03146936139091849 0.015341494377935305
0.032540218671783805 0.015639129909686744
0.03508493001572788 0.016807079315185547
0.03392465435899794 0.016527525382116437
0.03087085601873696 0.014125841582426801
0.030999211128801107 0.014455247262958437
0.03308351547457278 0.016290017287246883
0.03528041811659932 0.017113584093749523
0.030341442208737135 0.012762403122906107
0.03035929356701672 0.01283040189446183
0.03654889250174165 0.01736045361030847
0.030983536038547754 0.01426529316813685
0.036431045504286885 0.017327437992207706
0.036403104197233915 0.01724996929988265
0.030300748767331243 0.012723811025352916
0.03295872360467911 0.01626170438248664
0.033807880245149136 0.01650510122999549
0.036823748145252466 0.017451560765039176
0.03244882891885936 0.015508377400692552
0.030300037236884236 0.01271021377397119
0.03509670961648226 0.016964497976005077
0.03163276077248156 0.015507853677263483
0.034940089331939816 0.016749434696976095
0.030647529056295753 0.013513847312424332
0.030879674945026636 0.01425923453643918
0.03126605204306543 0.01473975190310739
0.032595946453511715 0.015675142349209636
0.032595946453511715 0.015675142349209636
0.03160816919989884 0.015454465668881312
0.03498268569819629 0.0167588135227561
0.03039327682927251 0.012879438800155185
0.03277267678640783 0.01602703402750194
0.03165486641228199 0.015530095726717263
0.03257385827600956 0.01564720767783001
0.03296003816649318 0.01611015119124204
0.03540977789089084 0.017060212208889425
0.030304755782708526 0.012540692117909202
0.031527304323390126 0.01528601546306163
0.031168527668341994 0.014596833614632487
0.033724374836310744 0.01651889504864812
0.031172201968729496 0.014616004045819864
0.030990612925961614 0.014351361722219735
0.034907683031633496 0.016909718164242804
0.03393153939396143 0.016606278717517853
0.03035013168118894 0.012778261290804949
0.030614309711381793 0.012877438362920657
0.031145008746534586 0.014499237237032503
0.03300293907523155 0.016221878118813038
0.034025855362415314 0.016743211075663567
0.03293798700906336 0.01605944731272757
0.03272841591387987 0.015652237052563578
0.030854709446430206 0.013609661531518213
0.031573801999911666 0.015369124274002388
0.030899824341759086 0.014199753670254722
0.03303727996535599 0.01634246960747987
0.03254713607020676 0.015586419438477606
0.03115507704205811 0.014537723822286353
0.030672836815938354 0.01353770325658843
0.03294549835845828 0.016107895353343338
0.030641161603853106 0.01348676613997668
0.03138176817446947 0.014673524012323469
0.03136835154145956 0.014665782975498587
0.031486789928749204 0.015182117087533697
0.031455118441954255 0.015118198585696518
0.033013954758644104 0.016308625985402614
0.03103046934120357 0.01440242916578427
0.030921970726922154 0.014220709272194654
0.03022308088839054 0.011922847210371401
0.0329864660743624 0.01613166759489104
0.03283952968195081 0.01604731590487063
0.030326216481626034 0.012762812100845622
0.03125443821772933 0.014624152274336666
0.031435732962563634 0.015086400846485049
0.030873560346662998 0.01415863586589694
0.03293299023061991 0.01619327301159501
0.03242144011892378 0.015588156878948212
0.031237930990755558 0.014828446379397064
0.03658323525451124 0.017563084489665926
0.030685673002153635 0.013607183325802907
0.03025402780622244 0.011828535822132835
0.031552448170259595 0.01539025324746035
0.03089145221747458 0.014156900200759992
0.03527001920156181 0.017002079403027892
0.03275228082202375 0.015917102922685444
0.031389529816806316 0.015086337691172957
0.03312661312520504 0.016468592337332666
0.035603873897343874 0.01723048952408135
0.03162175929173827 0.015556941303657368
0.03138811863027513 0.014874546672217548
0.03249485488049686 0.0158026305725798
0.031186451436951756 0.014622039016103372
0.033138895174488425 0.016701184038538486
0.032906928565353155 0.015928046428598464
0.030879561323672533 0.013745771437243093
0.03251257142983377 0.01582633442012593
0.031049485784024 0.014410374948056415
0.03514624782837927 0.016960929497145116
0.030901337042450905 0.014315418957266957
0.03154555452056229 0.015265608642948791
0.030689258128404617 0.013641878787893802
0.03143577533774078 0.015133040433283895
0.030985304154455662 0.014386408642167225
0.031209590146318078 0.014724256907356903
0.03066690405830741 0.013344009144930169
0.030377545161172748 0.01299534220379428
0.030346060171723366 0.01291930406659958
0.03543574851937592 0.017095027025789022
0.03388320282101631 0.016837369767017663
0.03073227871209383 0.01372001224081032
0.031203041318804026 0.014625821902882308
0.032488078344613314 0.015697677619755268
0.030289136804640293 0.012434829190169694
0.031587289879098535 0.015406321996124461
0.03293108264915645 0.016093867016024888
0.031204704195261 0.014651586825493723
0.031443768413737416 0.015203791437670588
0.031082554953172803 0.014454420102993026
0.031492783688008785 0.015206045209197327
0.03513259184546769 0.017067753593437374
0.03160805394873023 0.015331243252148852
0.03651392878964543 0.01740443194285035
0.030328147811815143 0.013238692426966736
0.031549491453915834 0.0152337706531398
0.031094606267288327 0.014481482066912577
0.03148721414618194 0.015228999487590045
0.03266238537617028 0.015916186675895005
0.03068311233073473 0.013600762467831373
0.036086357198655605 0.01728482951875776
0.03278252528980374 0.01591782516334206
0.031619590474292636 0.015383127523818985
0.03144589578732848 0.015201400237856433
0.03647653106600046 0.01737422018777579
0.030567622045055032 0.013460548885632306
0.033877331763505936 0.01647617103299126
0.032900389982387424 0.016026391240302473
0.0324369843583554 0.015794065373484045
0.03405814175494015 0.016591104678809643
0.031198149314150214 0.014605664124246687
0.031081860652193427 0.014436614990700036
0.030720403883606195 0.013902702776249498
0.034173395251855254 0.016692590317688882
0.03158661164343357 0.015243457950418815
0.030566233908757567 0.013375874230405316
0.03400725685060024 0.01653481333050877
0.0365518294274807 0.017492128536105156
0.0340321627445519 0.016543387435376644
0.031218267744407058 0.014716084871906787
0.031066447030752897 0.01436353535973467
0.03397781285457313 0.016494101961143315
0.032949696062132716 0.016054586158134043
0.03295050794258714 0.016156870988197625
0.031064195791259408 0.01435050819418393
0.03092629532329738 0.014276465954026207
0.030936918454244733 0.014296334091341123
0.03403102862648666 0.016540154698304832
0.0350711434148252 0.01684994006063789
0.03404547879472375 0.016585196717642248
0.031590383499860764 0.015299815131584182
0.03115016664378345 0.01459544277167879
0.031684148125350475 0.015486517746467143
0.031001349678263068 0.014299239730462432
0.03607450355775654 0.017270782962441444
0.03291622642427683 0.016154143260791898
0.03146798047237098 0.015194961422821507
0.03178066830150783 0.015426840865984559
0.03096664883196354 0.014640502398833632
0.03091878816485405 0.014237904164474458
0.030568982008844614 0.013402827840764076
0.031178566394373775 0.01479241659399122
0.030241186963394284 0.012597703320352593
0.030643048463389277 0.013800871616695076
0.0316592853050679 0.015329397341702133
0.03028467996045947 0.012789632743078982
0.034193632658571005 0.016748247435316443
0.03146667033433914 0.015075247327331454
0.03171059116721153 0.015379282471258193
0.035162766464054585 0.016770887887105346
0.031671337550505996 0.015376242634374648
0.03555692941881716 0.01692096993792802
0.03402626165188849 0.016585648409090936
0.030586980050429702 0.01350568508496508
0.03156024147756398 0.015309940441511571
0.03400987130589783 0.016478523495607078
0.031752233393490314 0.015419729228597134
0.031491755275055766 0.015249735966790468
0.030966048128902912 0.014290996768977493
0.03095883084461093 0.014287780970335007
0.03524102736264467 0.016918305307626724
0.03404401312582195 0.016656487074214965
0.03250381350517273 0.015527332609053701
0.032482916954904795 0.015495605941396207
0.0325490680988878 0.01565366139402613
0.032512912759557366 0.015610926318913698
0.032512912759557366 0.015610926318913698
0.034013745840638876 0.016516979201696813
0.03147416119463742 0.015229854529025033
0.03116544894874096 0.014677313331048936
0.03245225246064365 0.015452979831025004
0.03245225246064365 0.015452979831025004
0.03309019887819886 0.0162077626446262
0.03134886920452118 0.01495255995541811
0.0341928880661726 0.01665696466807276
0.03632341092452407 0.017268194467760623
0.032924287021160126 0.016023616190068424
0.03647093730978668 0.017491046688519418
0.03171213995665312 0.015494917548494413
0.035738482838496566 0.017038091435097158
0.031553232576698065 0.015258662693668157
0.032975920708850026 0.01605285453842953
0.031580309849232435 0.01535198962665163
0.032445351826027036 0.015650990651920438
0.033983750035986304 0.016603406751528382
0.031512557761743665 0.015185716125415638
0.03134883870370686 0.014981721091317013
0.03053677501156926 0.013567615416832268
0.031170449918136 0.01492754858918488
0.03304624184966087 0.016284330456983298
0.03076327173039317 0.013615549600217491
0.03640374122187495 0.017335691722109914
0.03260779590345919 0.015737762907519937
0.03300757985562086 0.016063718707300723
0.031458046520128846 0.015130544023122638
0.034018951235339046 0.01687615440459922
0.031506851548328996 0.015152564592426643
0.03398308204486966 0.01651271607261151
0.03314386261627078 0.016346973308827728
0.03167871618643403 0.015409280604217201
0.03032176406122744 0.012769356748322025
0.03072179900482297 0.013602515740785748
0.03254918078891933 0.01570898381760344
0.031138690654188395 0.014715070428792387
0.030908852815628052 0.014619652705732733
0.03029926843009889 0.011840545259474311
0.03063812223263085 0.013598707970231771
0.030898783821612597 0.014145315624773502
0.030904493760317564 0.014167000510497019
0.031083073932677507 0.014610740763600916
0.03257915307767689 0.016050888050813228
0.030464237555861473 0.013003403611946851
0.03027491527609527 0.012618805609236006
0.03025893121957779 0.012603871680767043
0.03383577009662986 0.01645487337373197
0.030877931509166956 0.013862248102668673
0.034005731577053666 0.016704167239367962
0.03120141732506454 0.014776059775613248
0.033982286462560296 0.016566409613005817
0.03138713329099119 0.01503057626541704
0.03144034999422729 0.015425474994117394
0.030508812284097075 0.013190226338338107
0.032942599384114146 0.01618090720148757
0.03091572504490614 0.014232093235477805
0.030997981783002615 0.014423036598600447
0.03096737270243466 0.014256647555157542
0.03303186525590718 0.01621907582739368
0.031707592541351914 0.015692031098296866
0.030893625924363732 0.013907821557950228
0.030286705121397972 0.012713428535789717
0.03089689020998776 0.014113324519712478
0.031163987703621387 0.01463352411519736
0.030300874961540103 0.012765824685629923
0.030300874961540103 0.012765824685629923
0.031025856034830213 0.014547332946676761
0.03737261611968279 0.017124109726864845
0.03310239897109568 0.016246842220425606
0.03310239897109568 0.016246842220425606
0.0311926556751132 0.014728692796779796
0.03304616129025817 0.016232494730502367
0.03403887874446809 0.01673416211269796
0.03030518162995577 0.012785239650838776
0.03540363581851125 0.01690998754929751
0.034920078702270985 0.0167659655562602
0.031004321994259953 0.014443558669881895
0.03095422638580203 0.014238170231692493
0.03168954816646874 0.015576753503410146
0.0339101639110595 0.016472512274049222
0.030970454216003418 0.014344288996653631
0.03251972678117454 0.01576697250129655
0.030634331051260233 0.013684608071343973
0.03119079116731882 0.014685680042020977
0.03515327372588217 0.016862090851645917
0.030889484798535705 0.013813827412377577
0.03151953825727105 0.015130123123526573
0.030193086713552475 0.012467008953535696
0.031038028886541724 0.014538514689775184
0.03647592477500439 0.01732775557320565
0.03147258819080889 0.014944460417609662
0.03166164620779455 0.015284380555385724
0.032527211122214794 0.015767109813168645
0.03240710753016174 0.01568984886398539
0.03041375195607543 0.013003805095650023
0.036327634705230594 0.017219926288817078
0.030717960326001048 0.013646927833178779
0.03153557516634464 0.01523760033887811
0.034112031338736415 0.016672439815010875
0.03295858041383326 0.016057114233262837
0.031588887330144644 0.015280216815881431
0.0311925804708153 0.014693657925818115
0.0311339246109128 0.014562998403562233
0.03168858867138624 0.015344643732532859
0.030385828344151378 0.012955517511727521
0.03534205607138574 0.017097706848289818
0.03150987718254328 0.015004643704742193
0.030274686869233847 0.012506565362855326
0.031142361694946885 0.014639592176536098
0.03286965563893318 0.01605312869651243
0.03414985351264477 0.01677346375072375
0.031089572701603174 0.014547009981470183
0.031089572701603174 0.014547009981470183
0.033063639188185334 0.016058946785051376
0.030338500160723925 0.012807373372197617
0.030715945176780224 0.01323654016960063
0.03308562864549458 0.016128604009281844
0.03310541505925357 0.016316133143845946
0.031140975654125214 0.014594327833037823
0.036455660592764616 0.01725926244398579
0.030926457373425364 0.014514741458697245
0.033942378824576735 0.01661463815253228
0.032638222677633166 0.01585881953360513
0.033934628358110785 0.016428323811851442

